image: /home/rmcal/ee106a/src/RoboRTS/roborts_bringup/maps/cory307.pgm
resolution: 0.050000
origin: [-50.000000, -50.000000, 0.000000]
negate: 0
occupied_thresh: 0.65
free_thresh: 0.196

