image: SDH_Combined_floorplan_copy.pgm
resolution: 0.050000
origin: [-100.000000, -50.000000, 0.000000]
negate: 0
occupied_thresh: 0.65
free_thresh: 0.196

